2,000000  4,000000
2,200000  7,800000
2,400000  27,512501
2,600000  129,509460
2,800000  646,235107
3,000000  3237,688965
3,200000  16202,947266
3,400000  81037,242188
3,600000  405216,718750
3,800000  2026122,125000
4,000000  10130657,000000
4,200000  50653344,000000
4,400000  253266768,000000
4,600000  1266333952,000000
4,800000  6331670016,000000
5,000000  31658350592,000000
5,199999  158291755008,000000
5,399999  791458807808,000000
5,599999  3957294104576,000000
5,799999  19786469736448,000000
5,999999  98932348682240,000000
6,199998  494661751799808,000000
6,399998  2473308725444608,000000
6,599998  12366543358787584,000000
6,799998  61832715720196096,000000
6,999998  309163565716078590,000000
7,199997  1545817828580393000,000000
7,399997  7729089005463011300,000000
7,599997  38645445577070871000,000000
7,799997  193227223487307840000,000000
